0.32859015464782715
0.04759716987609863
0.04084205627441406
0.044646501541137695
0.046556711196899414
0.04456734657287598
0.04845237731933594
0.04505467414855957
0.04443502426147461
0.045703887939453125
0.04414677619934082
0.04703664779663086
0.04263567924499512
0.047486305236816406
0.04853320121765137
0.04810142517089844
0.046523094177246094
0.04788661003112793
0.0469508171081543
0.04682278633117676
0.04669618606567383
0.04633498191833496
0.04697728157043457
0.04684710502624512
0.0428464412689209
0.04839968681335449
0.046630144119262695
0.0465242862701416
0.048500776290893555
0.047939300537109375
0.04720616340637207
0.04725980758666992
0.04698991775512695
0.0483853816986084
0.04729580879211426
0.04719185829162598
0.04277992248535156
0.04608416557312012
0.04530692100524902
0.049997568130493164
0.04794430732727051
0.04642152786254883
0.04669809341430664
0.0465846061706543
0.04604506492614746
0.044236183166503906
0.04730033874511719
0.04579305648803711
0.04234457015991211
0.046399831771850586
0.04633784294128418
0.04453158378601074
0.049123525619506836
0.045499324798583984
0.04479646682739258
0.04572892189025879
0.046651601791381836
0.04555964469909668
0.04884529113769531
0.04666852951049805
0.043123722076416016
0.046054840087890625
0.04847288131713867
0.043859004974365234
0.048262834548950195
0.04509234428405762
0.04822254180908203
0.044403791427612305
0.04713630676269531
0.044626474380493164
0.04775595664978027
0.0472867488861084
0.04280900955200195
0.04830479621887207
0.04844331741333008
0.049761295318603516
0.048265695571899414
0.04642319679260254
0.04699087142944336
0.04562187194824219
0.04677319526672363
0.04750680923461914
0.048718929290771484
0.04664421081542969
0.04221177101135254
0.04679298400878906
0.048923492431640625
0.04840278625488281
0.04575848579406738
0.04927468299865723
0.04859614372253418
0.04708600044250488
0.04820609092712402
0.04712367057800293
0.04581618309020996
0.04665255546569824
0.04173779487609863
0.04610133171081543
0.046004533767700195
0.044035911560058594
0.047331809997558594
0.04714798927307129
0.04888772964477539
0.047557830810546875
0.047806739807128906
0.04688215255737305
0.052748918533325195
0.050330400466918945
0.0437161922454834
0.05106019973754883
0.05098700523376465
0.052025794982910156
0.04739737510681152
0.04814505577087402
0.051351308822631836
0.051126718521118164
0.051964759826660156
0.047924041748046875
